$ANSIBLE_VAULT;1.1;AES256
32336366616332313430616434363437336362363438323861323033333566383832343636383661
6362363262613830323338393865616363616539373430650a306364643633633434323539353464
65616132373435323635306539393561363438306430643830343464663336323638376137333339
6434386566343135610a613630363934663139323631393231303463613139333762623438366632
34653136313732313662643762653034613466326161323633656664623134386639663635303064
30666332373730323465393331336636323632616133663661313532613366393238313463656461
39323330646465643166376134353636356131646534366431666465656464366434313765626161
31333631613235303734646537623531653635346166656464363230326333313830343738616230
35393064393135363738396663626438663638363834623231653632373730666464396534653139
63623830636136373431313634613665633333613632366339306365376539663466303331336562
64393938626336613939333031613131316562646565366430363336353637613138396361626461
39333235313932623965303835616464343832313964376466323163663766663061313063626161
39303563613530373861343763623837356430623661303265313138343366353939653566336165
66393434346533633366643438656135353064373433646464663230313430343762613535383961
33393039343062616266336231663364656662316431343966386431646466356130323061373963
62353163303236336266636562653864303138643562643663623166666438653430303565646565
30393233353831383366323333383862323333336634373162646564393231373435386336653839
66346434663063313732323934356263306437316262346233643039373531663961353232613965
30623333656237326536373231303138666333383264326262336431356235343736323538663135
63623332306334326636663662383432343361373037376130363039613130633337623634343132
30303639656463646238333232623033383763383031303761336166313462326232626134393733
62626336386236336364313962396136373865303266636163646536383338383762353638636266
32386633663665613362323264613839663836646565373737653838363766313965313165326538
66613939623862383363666336613530353465303166303562373235396165656665386530346337
37326332313431616238353636366132316333383234626261396339663032336433
